[gd_scene format=3 uid="uid://dlbv8hoavv3lp"]

[ext_resource type="PackedScene" uid="uid://dwuwxr4xw23hu" path="res://Assets/3D/commando.glb" id="1_sio6k"]

[node name="CommandoRig" unique_id=486238766 instance=ExtResource("1_sio6k")]

[node name="RightHand" type="Marker3D" parent="." index="0" unique_id=337246956]
transform = Transform3D(1.0000001, 0, 0, 0, 1, 0, 0, 0, 0.99999994, -0.20181721, 1.4205829, 0.3684802)

[node name="gun" parent="." index="1" unique_id=999671338]
visible = false

[node name="metarig" parent="." index="2" unique_id=1861555543]
transform = Transform3D(-1, 0, -8.742278e-08, 0, 1, 0, 8.742278e-08, 0, -1, 0, 0, 0)

[node name="Skeleton3D" parent="metarig" index="0" unique_id=683885136]
bones/0/rest = Transform3D(-0.9999999, -8.134287e-08, -2.140279e-07, -2.5337645e-08, 0.9683386, -0.2496395, 2.2755796e-07, -0.24963945, -0.96833867, 1.7986443e-08, 1.0099, 0.0552)
bones/0/rotation = Quaternion(-2.6883777e-08, 0.99205315, -0.12581962, -1.1128082e-07)
bones/0/scale = Vector3(0.9999999, 0.99999976, 0.9999998)
bones/1/rest = Transform3D(1, -1.3061074e-08, -9.048318e-15, 1.295248e-08, 0.99168557, 0.12868449, -1.6807487e-09, -0.12868449, 0.99168557, 8.437695e-15, 0.1522196, -1.8626453e-08)
bones/1/rotation = Quaternion(-0.06447641, 4.2106102e-10, 6.5169488e-09, 0.99791926)
bones/2/rest = Transform3D(1, -1.5547124e-08, 1.6653344e-15, 1.5360538e-08, 0.98799855, 0.1544627, -2.4014528e-09, -0.1544627, 0.98799855, 4.4270143e-15, 0.13663666, -4.773028e-09)
bones/2/rotation = Quaternion(-0.07746412, 6.021731e-10, 7.750204e-09, 0.99699515)
bones/3/rest = Transform3D(1, -1.1299242e-09, 2.3841856e-07, -1.57912e-09, 0.99993545, 0.011362249, -2.38416e-07, -0.011362249, 0.99993545, -4.440892e-16, 0.1728875, -1.3969843e-09)
bones/3/rotation = Quaternion(-0.0056812167, 1.1921057e-07, -1.1230082e-10, 0.99998385)
bones/4/rest = Transform3D(1, -5.6782223e-08, 2.080691e-08, 6.032778e-08, 0.9127295, -0.40856424, 4.208106e-09, 0.4085642, 0.91272956, 8.881784e-16, 0.1274121, 9.3132085e-10)
bones/4/rotation = Quaternion(0.20889045, 4.2433133e-09, 2.9937965e-08, 0.977939)
bones/5/rest = Transform3D(0.5070947, 0.86189014, 0.0005293488, -0.037279096, 0.021319626, 0.9990774, 0.8610837, -0.5066466, 0.042941567, 0.018299988, 0.07091685, 0.07743345)
bones/5/rotation = Quaternion(-0.60059005, -0.34325036, -0.3586527, 0.6267687)
bones/6/rest = Transform3D(-0.3281825, -0.062264293, 0.94256, -0.90199196, 0.31700712, -0.29311627, -0.2805476, -0.9463771, -0.16019809, 0.024212161, 0.2162746, -0.05448512)
bones/6/rotation = Quaternion(-0.35882047, 0.67182356, -0.4612422, 0.45514464)
bones/6/scale = Vector3(1.0000001, 0.99999994, 0.99999994)
bones/7/rest = Transform3D(0.9504477, 0.14263503, 0.27623263, -0.033731777, 0.93060654, -0.36446378, -0.30904913, 0.33708593, 0.88930416, 3.7252903e-08, 0.34815407, -1.4901161e-08)
bones/7/rotation = Quaternion(0.18064965, 0.15071057, -0.045414604, 0.9708705)
bones/8/rest = Transform3D(0.9969309, 0.062308777, -0.04739915, -0.060165267, 0.99715644, 0.04538034, 0.05009196, -0.042389277, 0.99784464, 6.0535967e-09, 0.3171721, 1.3969839e-09)
bones/9/rest = Transform3D(0.50709504, -0.86188996, -0.0005290806, 0.03727874, 0.021319747, 0.9990774, -0.8610836, -0.5066469, 0.04294133, -0.018300014, 0.07091685, 0.07743345)
bones/9/rotation = Quaternion(-0.6005901, 0.34325045, 0.35865253, 0.6267687)
bones/9/scale = Vector3(1, 0.99999994, 0.9999999)
bones/10/rest = Transform3D(-0.3281825, 0.062264636, -0.9425601, 0.901992, 0.3170074, -0.2931161, 0.28054774, -0.9463773, -0.16019845, -0.024212154, 0.21627462, -0.0544849)
bones/11/rest = Transform3D(0.95044774, -0.14263488, -0.27623245, 0.033731706, 0.9306066, -0.36446372, 0.30904892, 0.33708596, 0.88930416, -2.7939677e-08, 0.3481542, 0)
bones/12/rest = Transform3D(0.9969307, -0.06230935, 0.047399227, 0.060165837, 0.99715626, 0.04538029, -0.050092053, -0.042389184, 0.99784464, -2.3283064e-08, 0.31717214, -1.8626451e-09)
bones/13/rest = Transform3D(0.9907847, 0.13544331, 0.00022611559, 0.12818594, -0.9371548, -0.32451338, -0.043741293, 0.32155225, -0.9458801, 0.098, 0.07081846, 0.025942234)
bones/13/rotation = Quaternion(0.98410124, 0.0669721, -0.011054553, 0.16412589)
bones/13/scale = Vector3(0.99999964, 0.99999994, 0.9999991)
bones/14/rest = Transform3D(0.99078506, -0.13342524, 0.023294542, 0.13544327, 0.9757327, -0.17204891, 0.00022641942, 0.17361858, 0.98481286, 2.6484486e-09, 0.5295755, 2.0736479e-10)
bones/14/rotation = Quaternion(0.08694745, 0.0058024395, 0.06762982, 0.99389774)
bones/14/scale = Vector3(1, 1, 0.9999999)
bones/15/rest = Transform3D(1, -5.8081514e-07, -4.8236103e-07, 6.907709e-07, 0.44599503, 0.89503545, -3.0471946e-07, -0.89503545, 0.44599503, -2.6570689e-08, 0.4658682, 2.7861446e-10)
bones/15/rotation = Quaternion(-0.52631027, -5.2229556e-08, 3.7386718e-07, 0.8502926)
bones/16/rest = Transform3D(5.3644175e-07, 0.9999997, -8.940696e-07, 0.84799826, -9.5367403e-07, -0.5299988, -0.5299988, -4.7683702e-07, -0.8479983, -0.03799997, 0.019970354, 0.08799049)
bones/17/rest = Transform3D(0.9907848, -0.13544326, -0.0002260206, -0.12818585, -0.9371549, -0.32451344, 0.043741368, 0.32155234, -0.9458801, -0.098, 0.07081846, 0.025942255)
bones/17/scale = Vector3(0.99999976, 1, 0.9999991)
bones/18/rest = Transform3D(0.99078506, 0.13342516, -0.02329455, -0.13544318, 0.9757328, -0.17204894, -0.00022639986, 0.17361861, 0.9848129, -3.5215635e-08, 0.52957565, -4.838512e-09)
bones/19/rest = Transform3D(1, 7.0359494e-07, 4.823611e-07, -7.4553014e-07, 0.44599503, 0.89503545, 4.1461172e-07, -0.89503545, 0.44599503, 1.0465397e-09, 0.46586818, 2.1859758e-09)
bones/19/rotation = Quaternion(-0.52631027, 1.9919444e-08, -4.2606658e-07, 0.8502926)
bones/20/rest = Transform3D(2.9802322e-07, -1, 7.152556e-07, -0.84799826, -5.9604645e-07, -0.52999896, 0.529999, -4.172325e-07, -0.84799814, 0.037999906, 0.019970363, 0.087990455)
bones/20/rotation = Quaternion(0.6797057, -0.6797053, 0.1949372, 0.1949368)

[node name="TwoBoneIK3D" type="TwoBoneIK3D" parent="metarig/Skeleton3D" index="0" unique_id=876969416]
transform = Transform3D(0.99999994, 0, 0, 0, 1, 0, 0, 0, 0.99999976, 0, 0, 0)
setting_count = 1
settings/0/target_node = NodePath("../../../RightHand")
settings/0/pole_node = NodePath("../forearm_R")
settings/0/root_bone_name = "upper_arm.R"
settings/0/root_bone = 10
settings/0/middle_bone_name = "forearm.R"
settings/0/middle_bone = 11
settings/0/pole_direction = 0
settings/0/end_bone_name = "hand.R"
settings/0/end_bone = 12
settings/0/use_virtual_end = false
settings/0/extend_end_bone = false

[node name="spine_004" parent="metarig/Skeleton3D" index="1" unique_id=77983477]
transform = Transform3D(-0.99999976, -1.2016491e-07, -4.5053238e-07, 5.4453807e-08, 0.929515, -0.36878353, 4.6309157e-07, -0.36878347, -0.929515, 3.7145798e-09, 1.5929933, 0.011400042)

[node name="hand_L" parent="metarig/Skeleton3D" index="2" unique_id=1228225507]
transform = Transform3D(0.989364, -0.110766985, 0.094284184, -0.1192365, -0.9888227, 0.0895091, 0.08331568, -0.09979929, -0.99151284, -0.35346624, 0.84656525, 0.047542676)

[node name="forearm_L" parent="metarig/Skeleton3D" index="3" unique_id=533912715]
transform = Transform3D(0.9749565, -0.16569868, 0.14833547, -0.1847255, -0.9747749, 0.12525886, 0.123838454, -0.14952338, -0.98097193, -0.30091125, 1.1557367, 0.09496732)

[node name="upper_arm_L" parent="metarig/Skeleton3D" index="4" unique_id=1736873684]
transform = Transform3D(0.9439858, -0.24115016, -0.22524886, -0.28000835, -0.9465529, -0.16010036, -0.17460175, 0.21420397, -0.96105665, -0.21695389, 1.4852829, 0.02039133)

[node name="hand_R" parent="metarig/Skeleton3D" index="5" unique_id=2110451989]
transform = Transform3D(0.9687341, -0.24532928, -0.036981974, 0.20013385, 0.68461543, 0.70089054, -0.1466305, -0.68637794, 0.7123091, 0.20181724, 1.4205828, -0.3684801)

[node name="forearm_R" parent="metarig/Skeleton3D" index="6" unique_id=2114513648]
transform = Transform3D(0.9792942, -0.1880252, -0.07502884, 0.19008331, 0.7265165, 0.66033447, -0.06964977, -0.6609235, 0.7472139, 0.26145363, 1.1901519, -0.15885359)

[node name="upper_arm_R" parent="metarig/Skeleton3D" index="7" unique_id=339015899]
transform = Transform3D(0.9882293, 0.12781611, 0.084059104, 0.064856976, -0.8477025, 0.5264918, 0.13855127, -0.514843, -0.8460141, 0.21695395, 1.4852831, 0.020391159)

[node name="spine_002" parent="metarig/Skeleton3D" index="8" unique_id=1635801303]
transform = Transform3D(-0.99999976, 1.0365843e-08, -2.2623131e-07, 3.1635738e-09, 0.99949354, 0.03181261, 2.2644659e-07, 0.0318126, -0.9994935, 1.3032864e-10, 1.2929, 0.00040003657)

[node name="foot_L" parent="metarig/Skeleton3D" index="9" unique_id=9822098]
transform = Transform3D(-0.9999994, 8.718814e-08, 7.143398e-07, -7.444301e-07, -0.52999854, -0.8479982, 2.9391634e-07, -0.8479975, 0.52999794, -0.1697274, 0.08519998, 0.016199894)

[node name="shin_L" parent="metarig/Skeleton3D" index="10" unique_id=1959569107]
transform = Transform3D(-0.9999994, -1.2525561e-08, 5.452748e-07, -2.755769e-08, -0.99536514, 0.096164525, 5.3079566e-07, 0.09616429, 0.99536425, -0.16972741, 0.54890895, -0.028599992)

[node name="thigh_L" parent="metarig/Skeleton3D" index="11" unique_id=1406863220]
transform = Transform3D(-0.99078447, -0.13544329, -0.00022588298, 0.13504693, -0.98775536, -0.078109816, 0.010356341, -0.07742062, 0.9969436, -0.097999975, 1.072, 0.012400076)

[node name="foot_R" parent="metarig/Skeleton3D" index="12" unique_id=640849135]
transform = Transform3D(-0.9999995, -5.095969e-07, -4.7730043e-07, 7.634321e-07, -0.52999866, -0.8479984, 1.9384737e-07, -0.8479976, 0.52999794, 0.16972749, 0.0851998, 0.01619973)

[node name="shin_R" parent="metarig/Skeleton3D" index="13" unique_id=447183919]
transform = Transform3D(-0.9999995, 9.1051334e-08, -1.713779e-07, -1.8513674e-08, -0.9953653, 0.09616452, -1.4714897e-07, 0.09616425, 0.9953643, 0.16972744, 0.5489088, -0.028600138)

[node name="thigh_R" parent="metarig/Skeleton3D" index="14" unique_id=909280124]
transform = Transform3D(-0.9907846, 0.13544323, 0.0002262494, -0.1350469, -0.9877554, -0.078109875, -0.010355983, -0.077420756, 0.9969436, 0.097999975, 1.072, 0.012400012)

[node name="spine" parent="metarig/Skeleton3D" index="15" unique_id=401625195]
transform = Transform3D(-0.99999976, -8.134286e-08, -2.1402789e-07, -2.5337643e-08, 0.9683386, -0.24963944, 2.2755792e-07, -0.24963942, -0.96833855, 1.7986443e-08, 1.0099, 0.0552)
