[gd_scene format=3 uid="uid://dlbv8hoavv3lp"]

[ext_resource type="PackedScene" uid="uid://dwuwxr4xw23hu" path="res://Assets/3D/commando.glb" id="1_sio6k"]
[ext_resource type="Script" uid="uid://b6kor5elyalna" path="res://Characters/commando_rig.gd" id="2_l54ek"]

[node name="CommandoRig" unique_id=486238766 instance=ExtResource("1_sio6k")]
script = ExtResource("2_l54ek")

[node name="RightHand" type="Marker3D" parent="." index="0" unique_id=337246956]
transform = Transform3D(1.0000001, 0, 0, 0, 1, 0, 0, 0, 0.99999994, -0.20181721, 1.4615283, 0.270121)

[node name="LeftHand" type="Marker3D" parent="." index="1" unique_id=1485863900]
transform = Transform3D(1.0000001, 0, 0, 0, 1, 0, 0, 0, 0.99999994, 0.202, 1.4619454, 0.2696408)

[node name="gun" parent="." index="2" unique_id=999671338]
visible = false

[node name="metarig" parent="." index="3" unique_id=1861555543]
transform = Transform3D(-1, 0, -8.742278e-08, 0, 1, 0, 8.742278e-08, 0, -1, 0, 0, 0)

[node name="Skeleton3D" parent="metarig" index="0" unique_id=683885136]
bones/17/rest = Transform3D(0.9907848, -0.13544326, -0.0002260206, -0.12818585, -0.9371549, -0.32451344, 0.043741368, 0.32155234, -0.9458801, -0.098, 0.07081846, 0.025942255)
bones/17/scale = Vector3(0.99999976, 1, 0.9999991)
bones/18/rest = Transform3D(0.99078506, 0.13342516, -0.02329455, -0.13544318, 0.9757328, -0.17204894, -0.00022639986, 0.17361861, 0.9848129, -3.5215635e-08, 0.52957565, -4.838512e-09)
bones/19/rest = Transform3D(1, 7.0359494e-07, 4.823611e-07, -7.4553014e-07, 0.44599503, 0.89503545, 4.1461172e-07, -0.89503545, 0.44599503, 1.0465397e-09, 0.46586818, 2.1859758e-09)
bones/19/rotation = Quaternion(-0.52631027, 1.9919444e-08, -4.2606658e-07, 0.8502926)
bones/20/rest = Transform3D(2.9802322e-07, -1, 7.152556e-07, -0.84799826, -5.9604645e-07, -0.52999896, 0.529999, -4.172325e-07, -0.84799814, 0.037999906, 0.019970363, 0.087990455)
bones/20/rotation = Quaternion(0.6797057, -0.6797053, 0.1949372, 0.1949368)

[node name="TwoBoneIK3D" type="TwoBoneIK3D" parent="metarig/Skeleton3D" index="0" unique_id=876969416]
transform = Transform3D(0.99999994, 0, 0, 0, 1, 0, 0, 0, 0.99999976, 0, 0, 0)
active = false
setting_count = 2
settings/0/target_node = NodePath("../../../RightHand")
settings/0/pole_node = NodePath("../forearm_R")
settings/0/root_bone_name = "upper_arm.R"
settings/0/root_bone = 10
settings/0/middle_bone_name = "forearm.R"
settings/0/middle_bone = 11
settings/0/pole_direction = 0
settings/0/end_bone_name = "hand.R"
settings/0/end_bone = 12
settings/0/use_virtual_end = false
settings/0/extend_end_bone = false
settings/1/target_node = NodePath("../../../LeftHand")
settings/1/pole_node = NodePath("../forearm_L")
settings/1/root_bone_name = "upper_arm.L"
settings/1/root_bone = 6
settings/1/middle_bone_name = "forearm.L"
settings/1/middle_bone = 7
settings/1/pole_direction = 0
settings/1/end_bone_name = "hand.L"
settings/1/end_bone = 8
settings/1/use_virtual_end = false
settings/1/extend_end_bone = false

[node name="foot_R" parent="metarig/Skeleton3D" index="12" unique_id=640849135]
transform = Transform3D(-0.99999964, -5.1128694e-07, -4.7645028e-07, 7.4852005e-07, -0.5299987, -0.8479983, 1.938183e-07, -0.84799767, 0.529998, 0.1697275, 0.0851998, 0.01619973)

[node name="shin_R" parent="metarig/Skeleton3D" index="13" unique_id=447183919]
transform = Transform3D(-0.99999964, 9.105861e-08, -1.6948616e-07, -3.342575e-08, -0.9953653, 0.09616456, -1.4717807e-07, 0.096164264, 0.9953644, 0.16972746, 0.5489088, -0.028600145)

[node name="thigh_R" parent="metarig/Skeleton3D" index="14" unique_id=909280124]
transform = Transform3D(-0.9907847, 0.13544324, 0.00022624942, -0.13504691, -0.9877554, -0.07810983, -0.010355983, -0.077420756, 0.9969437, 0.09799998, 1.072, 0.012400005)
